res_id	occurancy
1	77.86666666666666
2	89.93333333333334
3	100.0
4	100.0
5	94.33333333333333
6	100.0
7	100.0
8	99.26666666666667
10	100.0
11	95.6
13	100.0
14	99.26666666666667
17	99.6
18	4.266666666666667
20	95.06666666666666
21	71.33333333333333
22	100.0
23	100.0
24	98.13333333333334
25	99.8
26	100.0
27	100.0
28	93.46666666666667
29	100.0
30	100.0
31	65.2
32	100.0
33	100.0
36	100.0
37	93.8
16	8.466666666666667
19	3.7333333333333334
34	72.6
35	24.266666666666666
9	5.0
50	12.266666666666667
38	0.6
49	0.06666666666666667
53	0.4666666666666667
125	100.0
127	30.066666666666666
128	98.4
130	10.6
131	54.06666666666667
137	100.0
138	100.0
139	100.0
141	73.73333333333333
142	100.0
143	100.0
168	33.4
169	58.06666666666667
171	82.2
175	100.0
177	100.0
178	100.0
179	91.2
182	92.8
195	100.0
197	100.0
198	100.0
199	97.93333333333334
200	68.2
206	98.06666666666666
207	99.93333333333334
208	100.0
209	100.0
210	99.8
211	100.0
212	100.0
215	100.0
216	100.0
217	100.0
218	100.0
219	99.33333333333333
220	99.73333333333333
223	100.0
224	99.6
226	27.4
227	100.0
228	45.2
229	9.8
140	62.06666666666667
176	13.0
194	7.6
196	39.53333333333333
213	26.733333333333334
214	75.46666666666667
222	84.26666666666667
146	0.6
170	1.0
180	19.866666666666667
181	3.066666666666667
225	6.533333333333333
126	3.1333333333333333
124	0.13333333333333333
144	0.7333333333333333
136	0.4666666666666667
174	1.6
205	0.5333333333333333
