res_id	occurancy
1	74.33333333333333
2	93.53333333333333
3	99.93333333333334
4	100.0
5	95.13333333333334
6	100.0
7	100.0
8	99.8
10	100.0
11	94.2
13	100.0
14	99.66666666666667
17	99.86666666666666
19	37.06666666666667
20	99.93333333333334
21	98.33333333333333
22	100.0
23	100.0
25	100.0
26	100.0
27	100.0
29	100.0
30	100.0
31	18.866666666666667
32	100.0
33	100.0
34	39.13333333333333
35	49.666666666666664
36	100.0
37	98.2
24	77.53333333333333
28	83.2
18	24.266666666666666
54	0.5333333333333333
16	7.933333333333334
9	7.533333333333333
50	6.6
49	0.06666666666666667
53	0.2
38	0.7333333333333333
39	0.2
125	100.0
127	57.666666666666664
128	98.06666666666666
130	22.2
131	52.93333333333333
137	100.0
138	100.0
139	100.0
140	72.73333333333333
141	77.06666666666666
142	99.93333333333334
143	100.0
168	85.6
169	97.13333333333334
171	74.06666666666666
175	100.0
177	100.0
178	100.0
179	93.13333333333334
182	84.66666666666667
195	100.0
197	100.0
198	99.8
199	98.26666666666667
200	69.66666666666667
206	94.8
207	99.93333333333334
208	100.0
209	100.0
210	100.0
211	100.0
212	99.93333333333334
214	72.33333333333333
215	100.0
216	99.93333333333334
217	100.0
218	100.0
219	100.0
220	100.0
222	98.66666666666667
223	100.0
224	100.0
226	76.0
227	100.0
228	98.86666666666666
229	72.86666666666666
126	17.733333333333334
213	22.866666666666667
225	39.6
180	39.86666666666667
196	39.8
170	47.266666666666666
176	34.666666666666664
194	2.3333333333333335
167	14.533333333333333
166	16.533333333333335
144	2.6666666666666665
174	3.2666666666666666
221	0.3333333333333333
181	5.4
136	1.5333333333333334
146	2.066666666666667
183	0.06666666666666667
124	0.6666666666666666
205	0.06666666666666667
