res_id	occurancy
2	96.26666666666667
3	100.0
4	100.0
5	97.53333333333333
6	100.0
7	100.0
8	99.66666666666667
10	100.0
11	97.8
13	100.0
14	99.4
17	99.8
20	99.8
21	98.26666666666667
22	100.0
23	100.0
24	72.4
25	100.0
26	100.0
27	100.0
28	95.93333333333334
29	100.0
30	100.0
31	95.26666666666667
32	100.0
33	100.0
34	87.8
36	100.0
37	98.6
1	85.8
18	12.733333333333333
35	34.4
50	11.866666666666667
16	8.066666666666666
19	33.53333333333333
9	4.066666666666666
38	0.3333333333333333
53	0.2
54	0.26666666666666666
49	0.3333333333333333
125	100.0
127	91.26666666666667
128	99.53333333333333
130	18.666666666666668
131	82.66666666666667
137	100.0
138	100.0
139	100.0
140	50.53333333333333
141	86.0
142	100.0
143	100.0
169	93.4
171	63.13333333333333
175	100.0
177	100.0
178	100.0
179	91.46666666666667
182	94.53333333333333
195	100.0
197	100.0
198	99.93333333333334
199	99.26666666666667
200	82.46666666666667
206	96.33333333333333
207	100.0
208	100.0
209	100.0
210	100.0
211	100.0
212	100.0
214	79.53333333333333
215	100.0
216	100.0
217	100.0
218	100.0
219	100.0
220	100.0
221	1.6666666666666667
222	98.0
223	100.0
224	100.0
226	84.26666666666667
227	100.0
228	98.26666666666667
146	4.266666666666667
168	76.6
229	81.73333333333333
180	27.133333333333333
213	20.933333333333334
136	2.3333333333333335
176	6.133333333333334
225	41.266666666666666
170	27.533333333333335
196	44.53333333333333
181	3.066666666666667
124	0.6
126	15.6
166	1.8666666666666667
165	0.13333333333333333
174	0.6
167	1.1333333333333333
144	0.26666666666666666
194	1.2
