res_id	occurancy
1	73.93333333333334
2	78.8
3	99.6
4	99.93333333333334
5	71.4
6	100.0
7	100.0
8	96.13333333333334
10	100.0
11	91.2
13	100.0
14	99.86666666666666
16	73.93333333333334
17	100.0
20	96.13333333333334
21	81.46666666666667
22	100.0
23	100.0
24	85.53333333333333
25	100.0
26	100.0
27	99.66666666666667
28	84.06666666666666
29	100.0
30	99.93333333333334
31	27.0
32	100.0
33	100.0
34	48.0
36	100.0
37	98.53333333333333
15	2.0
18	12.866666666666667
19	9.6
9	9.866666666666667
35	64.26666666666667
55	0.06666666666666667
38	1.1333333333333333
39	0.13333333333333333
12	0.2
125	100.0
127	84.26666666666667
128	100.0
130	40.4
131	69.6
137	100.0
138	100.0
139	100.0
140	78.26666666666667
141	90.0
142	100.0
143	100.0
168	3.7333333333333334
169	5.666666666666667
171	68.4
175	100.0
177	100.0
178	100.0
179	98.26666666666667
181	14.066666666666666
182	95.6
194	0.2
195	100.0
197	100.0
198	99.8
199	98.93333333333334
200	75.93333333333334
206	74.0
207	95.93333333333334
208	100.0
209	100.0
210	94.4
211	100.0
212	99.26666666666667
215	100.0
216	89.86666666666666
217	100.0
218	99.86666666666666
219	53.733333333333334
220	96.26666666666667
222	13.533333333333333
223	100.0
224	93.0
227	100.0
214	40.06666666666667
196	26.333333333333332
226	64.46666666666667
146	13.933333333333334
176	39.666666666666664
180	60.8
213	6.733333333333333
228	3.7333333333333334
225	6.933333333333334
124	0.8666666666666667
174	7.733333333333333
136	4.666666666666667
144	0.7333333333333333
183	0.26666666666666666
173	0.4
126	0.5333333333333333
229	0.2
205	0.13333333333333333
