res_id	occurancy
2	91.6
3	100.0
4	100.0
5	92.93333333333334
6	100.0
7	100.0
8	99.4
10	100.0
11	95.8
13	100.0
14	99.4
17	99.93333333333334
19	36.06666666666667
20	100.0
21	97.73333333333333
22	100.0
23	100.0
24	73.86666666666666
25	99.93333333333334
26	100.0
27	100.0
28	99.06666666666666
29	100.0
30	100.0
32	100.0
33	100.0
36	100.0
37	98.8
16	9.533333333333333
18	20.266666666666666
31	97.6
34	87.46666666666667
1	78.46666666666667
35	34.6
50	7.933333333333334
9	3.7333333333333334
53	0.13333333333333333
38	3.533333333333333
55	0.4666666666666667
49	0.13333333333333333
125	100.0
128	99.93333333333334
130	22.733333333333334
131	88.73333333333333
137	100.0
138	100.0
139	100.0
140	59.2
141	86.4
142	100.0
143	100.0
169	96.93333333333334
171	77.26666666666667
175	100.0
177	100.0
178	100.0
179	92.53333333333333
180	28.733333333333334
182	93.26666666666667
195	100.0
197	100.0
198	100.0
199	98.86666666666666
206	98.2
207	99.73333333333333
208	100.0
209	100.0
210	99.6
211	100.0
212	100.0
213	23.133333333333333
214	79.46666666666667
215	100.0
216	100.0
217	100.0
218	100.0
219	100.0
220	100.0
222	96.46666666666667
223	100.0
224	100.0
227	100.0
228	99.8
229	85.06666666666666
127	97.46666666666667
170	36.733333333333334
196	43.6
225	42.8
226	84.8
200	80.2
168	84.6
176	11.4
126	13.2
165	0.5333333333333333
194	1.1333333333333333
181	4.333333333333333
136	1.2666666666666666
146	2.2666666666666666
124	0.8
166	3.933333333333333
221	0.4666666666666667
174	0.26666666666666666
144	0.26666666666666666
167	3.2
201	0.4666666666666667
